0	87790834.686473832
1.000049	87346504.5794562
2.000013	87428517.527856633
3.000099	87443026.5181362
4.000019	87459022.759224549
5.000021	87443248.324093848
6.000071	87447438.782700151
7.000073	87451640.0684827
8.000027	87460284.9390195
9.000147	66230694.152503721
10.000072	19437738.821368746
11.000083	19438126.949000437
12.000074	19438516.250791915
13.000045	19425513.5060859
14.000089	19438379.529933844
15.000067	19437836.14146816
16.000073	19437854.678740442
17.000078	19438049.3222341
18.000073	19437446.866917491
19.000099	19438146.64544275
20.000089	19424950.831632022
21.000162	19394408.888395451
22.000018	19436339.373423111
23.000101	19426912.229075175
24.000073	19437912.607944209
25.000075	19437971.696087766
26.000074	19437991.392215449
27.000072	19437894.070561439
28.000075	19438884.711493537
29.000027	19436202.683185361
30.000117	19427202.88305084
31.000074	19426328.631419811
32.000076	19437952
33.000076	19437991.392215449
34.000074	19437641.502243839
35.00009	19438321.597946987
36.000071	19438126.949000437
37.000062	19437757.3584554
38.000072	19426231.368552834
39.000079	19438632.117431458
40.000044	19437583.574655965
41.000063	19378888.478953708
42.000122	19438962.344932362
43.00007	19159132.0508249
44.000112	19438691.20994949
45.000074	19379992.7253222
46.000076	19439001.741242979
47.000022	19425552.871362362
48.000064	19426154.948412031
49.000075	19437971.696087766
50.000074	19438924.107489478
51.000024	19425999.794218149
52.000043	19437523.330330834
53.000065	19437562.720808852
54.000085	19438884.711493537
55.000037	19438204.576386787
56.000024	19425455.616263293
57.000071	19438982.043067712
58.000018	19402152.248696249
59.000072	19437991.392215449
60.00007	19438301.901150115
61.000052	19414473.8723246
62.000068	19438612.420005284
63.000034	19425650.127435267
64.000071	19438049.3222341
65.000066	19437971.696087766
66.000065	19403121.356901392
67.000069	19438826.776495472
68.000024	19437173.457209393
69.000064	19575688.1858848
