30	5420916.511153122
31.000073	4853899.967063235
32.000031	4853618.46808115
33.000047	4865094.991318913
34.000085	4853763.987116395
35.000071	4853632.9328034315
36.000084	4865265.500378906
37.000087	4853356.382247402
38.000157	4865693.565577538
39.000072	4853569.867245786
40.000098	4865372.509617243
41.000079	4853686.1637238525
42.000081	4865187.7838829
43.0001	4854059.970246468
44.000025	4864997.56293617
45.000083	4853487.132348206
46.000126	4865776.22911978
47.000024	4853458.20472787
48.000073	4853734.7668883065
49.000065	4865216.782285063
50.000078	4853691.3711592
51.000079	4865343.219357837
52.000066	4853700.918153024
53.000065	4865241.141210024
54.000073	4853739.685119894
55.000064	4865241.141210024
56.000072	4853632.9328034315
57.000085	4853700.918153024
58.000084	4865328.719359926
59.000074	5015922.227340113
