0	29675805.948045883
1.000081	29029126.800967537
2.000094	29145985.040115345
3.000072	29156957.544131652
4.000071	29157482.39692048
5.000052	29155471.722313445
6.000102	29123049.142106444
7.000072	29156928
8.000072	29155558.608309306
9.000119	29146742.511393171
10.000071	29158678.158602338
11.000011	29143478.3689103
12.000075	29156900.193813138
13.000076	29145489.9253522
14.000071	29156928
15.000071	29145373.532393817
16.00007	29157861.275908541
17.000038	29155033.824776351
18.000103	29158123.716209218
19.000062	29144937.501366656
20.000076	28994724.348476078
21.000077	29145430.860152662
22.000074	29166790.908550773
23.000133	28995187.518458761
24.000118	29157598.840332054
25.000095	29157569.294900764
26.000073	29144878.43840614
27.000089	29170174.176043529
28.000032	29132593.113755438
29.000072	29169503.023583617
30.000038	29099561.295615513
31.000019	29153313.6403606
32.000143	29147442.686144643
33.000071	29145284.935391914
34.000073	29157073.983351149
35.000068	29155235.395024613
36.000126	29146917.986273739
37.000072	29158007.26860534
38.000035	29155673.298616789
39.000078	29145547.253568929
40.000071	29029504
41.000071	29156667.319080241
42.00008	29157774.376187872
43.000051	29121565.005250819
44.000072	29156900.193813138
45.000073	29157044.438983526
46.000069	29158240.164743207
47.000024	29155499.525775779
48.000073	29145403.064847481
49.000071	28960605.863930508
50.00165	29249478.173282228
51.00007	29156841.105842154
52.000073	29157014.894675776
53.00007	29156722.930618655
54.000077	29145576.786374651
55.000069	29156900.193813138
56.00007	29156900.193813138
57.000071	29156987.088323176
58.000069	29157219.968164124
59.000059	29144993.090254053
60.000071	29156957.544131652
61.00007	29156900.193813138
62.000071	29158589.515925959
63.000014	29143742.391575512
64.000069	29156841.105842154
65.000072	29156957.544131652
66.000071	29157014.894675776
67.000068	29156928
68.000068	29145284.935391914
69.00007	29156928
