0	78224094.363966256
1.000034	77724211.115861729
2.000091	77730428.3745046
3.000068	77350005.621071041
4.000021	77745663.3124933
5.0001	77736341.1714126
6.00015	77734857.967235565
7.00007	77753050.0307045
8.000054	77738982.194015741
9.00007	77728640
10.00007	77755538.845974147
11.000022	77742327.23742725
12.000144	77734394.597073168
13.00007	77743412.1015018
14.000029	77749166.49947305
15.000063	77745199.951612771
16.000148	77734468.735927925
17.000073	77752350.2249422
18.000066	77745515.0364106
19.000147	77732606.040061131
20.000096	54295674.032286681
21.000069	48375121.355685152
22.000062	48589290.435525142
23.000177	48576909.2599102
24.00007	48594833.656355232
25.000071	48592400.739136174
26.000122	48516267.376419678
27.000071	48584413.800696321
28.000048	48592742.491371714
29.000092	48574285.879965976
30.000039	48570009.741071716
31.000074	48583490.018711522
32.00007	48596047.309705362
33.000046	48589585.810376324
34.000155	48589125.9249701
35.000035	48582079.798604287
36.00006	48578726.872976452
37.000154	48598915.1324546
38.000071	48574091.888506673
39.000022	48580962.105302759
40.00007	43857418.7299855
41.000061	43521088
42.000061	43728202.967453569
43.000093	43496395.5587227
44.000128	43732529.887985833
45.000061	43729162.11452274
46.000071	43740177.652547963
47.000094	43719021.860712424
48.000071	43740964.9981668
49.000076	43729863.256799512
50.00007	43647419.33265163
51.000095	43719152.1569369
52.000069	43729292.43666485
53.000076	43743327.205104031
54.000027	43717140.4698049
55.000047	43734974.5842388
56.000189	43723262.098435171
57.000069	43740657.356438518
58.000081	43730298.549748145
59.000065	43729600
60.000065	57989158.357681528
61.000071	63180589.620648
62.000048	63155019.3882109
63.000063	63150788.625475131
64.000145	63160387.702003129
65.000075	63169257.6270662
66.000048	63170206.492591456
67.000006	63159909.8133034
68.000127	63162725.8013428
69.00002	63128758.787981376
