0	3208495.2900173925
1.000085	2038806.4816321791
2.000074	2015587.8876143871
3.000088	2038786.065859027
4.000087	2027200
5.000087	2038763.5846770867
6.000097	2027232.3831009073
7.000081	2027127.0209836557
8.000117	2038820.7000014426
9.000099	2038808.4260128515
10.000087	2027177.7674252267
11.000098	2015632.098898724
12.00009	2027210.1498158327
13.000085	2027200
14.000085	2061954.0893346977
15.000084	2027169.5511623088
16.000099	2027189.8502858027
17.000104	2027232.3831009073
18.000088	2015618.042383356
19.000087	2050343.3135830555
20.000099	2050409.0638717092
21.000079	2015607.8305079655
22.000083	2027163.5098350067
23.000101	2027191.7835568618
24.000105	2027169.5511623088
25.00012	2050437.6628968627
26.000086	2027169.5511623088
27.000101	2038784
28.000101	2027198.0667132696
29.000102	2027212.2039575935
30.000096	2015634.1413147056
31.000087	2027198.0667132696
32.000088	2027171.7260489527
33.000102	2038763.5846770867
34.000112	2038853.2693211741
35.000078	2015567.7048467787
36.000102	2050335.2478528961
37.000118	2027252.6834827662
38.000092	2038800.2839435367
39.000084	2015503.07465588
40.00014	2038861.5333439275
41.000102	2038782.0556659168
42.000103	2027206.0415448
43.0001	2027214.1372712888
44.000093	2015595.8166693926
45.000103	2050402.8308567281
46.000086	2027169.5511623088
47.000101	2050378.2658137279
48.000096	2027360.11310517
49.000017	2015476.8873942136
50.000086	2015611.9152457048
51.000088	2038755.564483518
52.000102	2050376.1882002717
53.000098	2015607.8305079655
54.000102	2027202.0541211916
55.000101	2038812.5578340942
56.000087	2050347.4686809338
57.000097	2027226.341399099
58.000084	2027163.5098350067
59.000102	2050314.7171897474
