0	35108329.1865565
1.000079	19437562.720808852
2.000099	19438341.294783775
3.000079	19438087.556235556
4.000072	19426194.316288266
5.000081	19437115.5324112
6.000124	19438787.380894043
7.000081	19403413.958715342
8.00007	19437815.2870791
9.000077	19438282.204393163
10.00006	19436591.907902487
11.00013	19427359.214483239
12.000079	19425163.856808957
13.000141	19439176.709140155
14.000078	19437873.21604808
15.000082	19391713.090238307
16.000077	19437212.846269373
17.000115	19436862.9843251
18.000171	19428096.901187986
19.000082	19437368.087060221
20.000112	19437115.5324112
21.000155	19439468.715559285
22.000077	19414978.4134458
23.000067	19436941.760088038
24.000119	19440051.595874056
25.000011	19436591.907902487
26.000081	19426425.895260736
27.000078	19415618.385207638
28.000035	19342552.22451191
29.000176	19342552.22451191
30.000317	19430934.679921325
31.000082	19437854.678740442
32.000087	19424911.468795553
33.000162	19427708.942797408
34.000093	19438243.969625972
35.000078	19437971.696087766
36.000077	19438009.929783851
37.000074	19437602.111446518
38.000092	19356903.227885589
39.00009	19438204.576386787
40.000077	19438924.107489478
41.000027	19274753.510295857
42.00008	19287399.08703142
43.000078	19437699.430176988
44.000091	19403413.958715342
45.00008	19437952
46.00008	19437854.678740442
47.000085	19437894.070561439
48.000088	19356864
49.000088	19438166.34192498
50.000077	19437873.21604808
51.000081	19437971.696087766
52.00008	19438846.474356066
53.000034	19436299.987903193
54.000119	19334372.469602566
55.000084	19437680.893200815
56.000098	19436999.683850519
57.000147	19439001.741242979
58.000093	19436610.442801669
59.000162	19428213.8707875
60.000067	44899227.33329393
