0	5420943.6507004621
1.000068	4853691.3711592
2.000069	4865260.2805364681
3.000073	4853525.8959000828
4.000108	4865406.44035864
5.000082	4853555.4028993957
6.000111	4865430.8011827832
7.00008	4853521.2673837245
8.000116	4865255.6406859271
9.000121	4853899.9670632351
10.000079	4853691.3711592
11.00008	4865241.1412100242
12.000088	4853496.9678176725
13.000129	4865722.8600554047
14.000038	4853429.27745236
15.000093	4865343.219357837
16.00008	4853763.9871163946
17.000066	4865158.2058688123
18.000091	4853720.30155905
19.000086	4865251.0008442355
20.000092	4853715.383366745
21.000088	4865576.6812220151
22.000027	4853438.5341430074
23.00008	4853686.1637238525
24.000082	4865294.49970752
25.000079	4853661.86250664
26.000086	4864793.43992995
27.000186	4854195.9667781945
28.000083	4853642.76886383
29.000094	4865377.43969558
30.000074	4853652.6049640924
31.000083	4865299.4296277631
32.000079	4853647.3976119282
33.000089	4865251.0008442355
34.000095	4853720.30155905
35.00009	4865119.349024334
36.000123	4853909.514877676
37.000079	4853725.2197613241
38.000073	4853326.87766791
39.000149	4864798.6587707065
40.000248	4854511.6817216137
41.00008	4842116.90641519
42.000079	4842363.6830642
43.000027	4853234.8951049568
44.000122	4864662.3927106578
45.000249	4854511.6817216137
46.000081	4853705.8363160156
47.000079	4865241.1412100242
48.000087	4853361.0104492847
49.000156	4854035.6652860073
50.000086	4865275.3601118466
51.000087	4853642.76886383
52.000098	4865309.2894982239
53.000092	4841802.0501607731
54.000156	4865659.6308312872
55.000078	4853642.76886383
56.000089	4865348.1493768161
57.000075	4853671.6986842938
58.00008	4853739.6851198943
59.000071	5050659.22200161
