0	5930545.6376096
1.000078	5502213.06425055
2.000112	6023686.1036743978
3.000111	5212701.1970173921
4.00013	5734148.6981611447
5.000118	5734240.6400669115
6.00009	5733948.0768038249
7.000113	5734068.379578298
8.000115	5734114.5197657645
9.000109	5212653.9717574883
10.000137	5734223.2084753718
11.000112	5734091.6204688
12.00011	5734194.83964122
13.00009	5733971.3167191315
14.000109	5734125.7985911975
15.000101	5212513.54380325
16.000156	5734269.3511545984
17.000123	5733936.4569168147
18.000148	5734383.856566458
19.000095	5733948.0768038249
20.000118	5734034.2021403853
21.000126	5734240.6400669115
22.000098	5212653.9717574883
23.000126	5733982.25321505
24.000143	5734263.540554123
25.000111	5734056.7592036948
26.000115	5734068.379578298
27.000117	5734102.89920415
28.000113	5212878.29936334
29.000098	5734005.4934073947
30.000111	5733885.1932716267
31.000145	5734246.4506209763
32.000116	5734068.379578298
33.000118	5734137.4192456268
34.000108	5734171.5979139945
35.000092	5212529.0774967922
36.000144	5734068.379578298
37.000146	5734332.2431132449
38.000102	5733913.9008000027
39.000131	5734051.2908084141
40.000136	5490464.5257803984
41.0002	5456549.57689895
42.000111	5733993.873287674
43.000126	5734114.5197657645
44.00012	5734131.6089125248
45.000111	5734206.11878263
46.000089	5734034.2021403853
47.000097	5212612.3396722581
48.000133	5734051.2908084141
49.000138	5734160.31890839
50.000124	5734263.540554123
51.000092	5733976.7849618755
52.00011	5490849.0552908527
53.000104	5977433.7832699651
54.000089	5212492.4181286125
55.000148	5734246.4506209763
56.000119	5733724.5731189223
57.000181	5734601.942208156
58.00009	5733959.69673793
59.000111	5733902.2810515082
