0	29664696.712456193
1.000065	29156576.950782772
2.000077	29157014.894675776
3.000074	29155850.549048636
4.000111	29131138.109780207
5.000201	29124680.999320626
6.000115	29157160.878897056
7.000107	29062977.571120769
8.000151	29146306.439403977
9.000118	29159755.818555642
10.000021	29153518.661787126
11.000138	29122438.110719364
12.000129	29158532.159187254
13.000074	29144586.601409066
14.0001	29158851.969336156
15.000034	29061903.639206525
16.000115	29156987.088323176
17.000113	29133905.867353253
18.000108	29145430.860152662
19.000105	29157918.63000793
20.000071	29154098.992305309
21.000168	29160047.843356539
22.000061	29074443.22468048
23.000109	29136061.0540543
24.00003	29131544.385047238
25.000106	29156754.212202236
26.000112	29156490.058717322
27.000127	29099939.42196355
28.000095	28763216.011386927
29.00009	29159086.617113736
30.000016	29142516.116265461
31.000113	29157249.51288747
32.000102	29108846.567405771
33.000162	29147267.204946272
34.000096	29144847.1698769
35.000113	29145316.204860494
36.000114	29134138.563535623
37.000101	29134400.785329927
38.000079	29018326.462354578
39.000065	29144121.064011749
40.000107	29029706.445724852
41.0001	28994375.252522644
42.000113	28916325.157014515
43.000021	29131283.950879935
44.000106	29062859.781164669
45.000154	29146626.108430147
46.00011	29145460.392722506
47.000106	29159611.5465567
48.000014	29003753.23493737
49.000103	29144645.663186751
50.000127	29145985.040115345
51.000105	29146306.439403977
52.000072	29144235.709900919
53.00011	28984066.344188869
54.000079	29158881.517366976
55.000012	29144701.250960894
56.000034	29131690.230214927
57.000105	29158443.517398547
58.000053	29157365.954438955
59.000038	29095369.608181123
