0	50443882.126039386
1.000088	43729644.310328558
2.000087	43719720.257550746
3.000048	43728202.967453569
4.00008	43682956.762559772
5.000087	43723303.633452751
6.000231	43724661.791981786
7.000079	43602350.126473576
8.000075	43740308.005824924
9.000095	43729993.583120763
10.000086	43731742.637517929
11.000037	43680686.463917777
12.000096	43719983.465133436
13.000051	43726493.287897162
14.000122	43708487.5255805
15.000075	43590025.599377833
16.000088	43730517.502770483
17.000067	43717625.133972518
18.000076	43753860.7240636
19.000051	43704509.516077586
20.000095	43730212.533089235
21.000081	43729162.11452274
22.000091	43637190.698904313
23.000085	43707349.0166763
24.000064	43708049.830928862
25.000027	43725753.1632144
26.000115	43719501.354648359
27.000081	43650520.5693526
28.000035	43125807.943851419
29.000068	43671289.548244938
30.000077	43730780.770617075
31.00005	43737815.785750672
32.000127	43641378.702605255
33.000025	43738253.728541918
34.000092	43706606.542822741
35.000088	43730037.894246951
36.000078	43683438.4503007
37.000074	43730692.1454435
38.000049	43508373.320704468
39.000075	43741006.712632626
40.000079	43731044.041633554
41.000046	43264986.706036381
42.000075	43329117.005733684
43.000228	43712726.8434385
44.000084	43567816.123474754
45.000075	43720770.500771724
46.000012	43722078.971486583
47.000184	43711197.25901477
48.000075	43509504
49.000075	43727327.2612231
50.000127	43708529.211242616
51.000079	43731523.672227271
52.000035	43715915.828663
53.000083	43450713.8055745
54.000103	43740396.646497056
55.000121	43726670.5045672
56.000188	43715436.413371965
57.000247	43725579.330603682
58.000074	43717885.7105476
59.000077	47507218.599787563
60.000051	64682230.23918017
